0.000000 
0.000003 
0.000021 
0.000067 
0.000141 
0.000235 
0.000330 
0.000396 
0.000402 
0.000316 
0.000118 
-0.000200 
-0.000624 
-0.001119 
-0.001630 
-0.002083 
-0.002397 
-0.002492 
-0.002302 
-0.001786 
-0.000937 
0.000209 
0.001571 
0.003028 
0.004426 
0.005595 
0.006361 
0.006575 
0.006126 
0.004965 
0.003116 
0.000681 
-0.002159 
-0.005155 
-0.008011 
-0.010413 
-0.012056 
-0.012684 
-0.012117 
-0.010283 
-0.007233 
-0.003149 
0.001660 
0.006785 
0.011742 
0.016022 
0.019137 
0.020674 
0.020342 
0.018014 
0.013750 
0.007808 
0.000635 
-0.007167 
-0.014889 
-0.021773 
-0.027090 
-0.030212 
-0.030678 
-0.028256 
-0.022979 
-0.015161 
-0.005380 
0.005553 
0.016669 
0.026916 
0.035261 
0.040792 
0.042812 
0.040918 
0.035061 
0.025567 
0.013128 
-0.001242 
-0.016291 
-0.030633 
-0.042876 
-0.051752 
-0.056248 
-0.055714 
-0.049944 
-0.039218 
-0.024298 
-0.006380 
0.012997 
0.032087 
0.049084 
0.062300 
0.070323 
0.072165 
0.067377 
0.056113 
0.039142 
0.017801 
-0.006105 
-0.030453 
-0.052993 
-0.071548 
-0.084227 
-0.089611 
-0.086908 
-0.076048 
-0.057723 
-0.033347 
-0.004953 
0.024974 
0.053712 
0.078550 
0.097039 
0.107235 
0.107892 
0.098610 
0.079897 
0.053157 
0.020589 
-0.014993 
-0.050398 
-0.082344 
-0.107762 
-0.124086 
-0.129510 
-0.123179 
-0.105301 
-0.077160 
-0.041031 
-0.000000 
0.042298 
0.082000 
0.115363 
0.139120 
0.150793 
0.148948 
0.133360 
0.105063 
0.066298 
0.020336 
-0.028795 
-0.076661 
-0.118820 
-0.151234 
-0.170654 
-0.174940 
-0.163288 
-0.136344 
-0.096179 
-0.046137 
0.009442 
0.065592 
0.117169 
0.159319 
0.187931 
0.200038 
0.194117 
0.170264 
0.130231 
0.077296 
0.016005 
-0.048217 
-0.109551 
-0.162300 
-0.201427 
-0.223026 
-0.224713 
-0.205875 
-0.167772 
-0.113462 
-0.047557 
0.024162 
0.095253 
0.159190 
0.209960 
0.242630 
0.253819 
0.242045 
0.207899 
0.154036 
0.084975 
0.006722 
-0.073753 
-0.149131 
-0.212413 
-0.257565 
-0.280095 
-0.277493 
-0.249500 
-0.198178 
-0.127766 
-0.044330 
0.044751 
0.131444 
0.207779 
0.266586 
0.302162 
0.310826 
0.291290 
0.244821 
0.175175 
0.088292 
-0.008201 
-0.105664 
-0.195215 
-0.268538 
-0.318653 
-0.340584 
-0.331840 
-0.292695 
-0.226202 
-0.137966 
-0.035674 
0.071576 
0.174079 
0.262407 
0.328269 
0.365291 
0.369628 
0.340360 
0.279620 
0.192445 
0.086368 
-0.029234 
-0.143971 
-0.247368 
-0.329826 
-0.383507 
-0.403082 
-0.386251 
-0.334002 
-0.250569 
-0.143093 
-0.021013 
0.104761 
0.222824 
0.322309 
0.393886 
0.430636 
0.428719 
0.387764 
0.310955 
0.204788 
0.078524 
-0.056614 
-0.188444 
-0.304917 
-0.395221 
-0.450786 
-0.466090 
-0.439206 
-0.372026 
-0.270139 
-0.142365 
-0.000000 
0.144188 
0.277102 
0.386504 
0.462143 
0.496715 
0.486562 
0.432055 
0.337608 
0.211323 
0.064302 
-0.090333 
-0.238609 
-0.366964 
-0.463489 
-0.519032 
-0.528061 
-0.489215 
-0.405473 
-0.283933 
-0.135214 
0.027472 
0.189492 
0.336109 
0.453826 
0.531620 
0.561982 
0.541635 
0.471875 
0.358511 
0.211376 
0.043481 
-0.130136 
-0.293760 
-0.432419 
-0.533254 
-0.586713 
-0.587452 
-0.534868 
-0.433195 
-0.291175 
-0.121305 
0.061261 
0.240068 
0.398837 
0.522952 
0.600806 
0.624882 
0.592478 
0.505999 
0.372787 
0.204499 
0.016087 
-0.175528 
-0.352979 
-0.500024 
-0.603037 
-0.652269 
-0.642767 
-0.574869 
-0.454220 
-0.291308 
-0.100550 
0.100983 
0.295093 
0.464099 
0.592448 
0.668149 
0.683889 
0.637738 
0.533371 
0.379776 
0.190489 
-0.017609 
-0.225787 
-0.415158 
-0.568394 
-0.671304 
-0.714159 
-0.692599 
-0.608082 
-0.467789 
-0.284018 
-0.073107 
0.146020 
0.353548 
0.530570 
0.660806 
0.732101 
0.737559 
0.676210 
0.553135 
0.379054 
0.169392 
-0.057093 
-0.279981 
-0.479040 
-0.636057 
-0.736509 
-0.770905 
-0.735682 
-0.633567 
-0.473372 
-0.269237 
-0.039379 
0.195536 
0.414245 
0.596822 
0.726489 
0.791161 
0.784569 
0.706868 
0.564663 
0.370446 
0.141502 
-0.101631 
-0.337006 
-0.543248 
-0.701499 
-0.797139 
-0.821140 
-0.770918 
-0.650599 
-0.470689 
-0.247153 
-0.000000 
0.248509 
0.475870 
0.661371 
0.787984 
0.843926 
0.823757 
0.728904 
0.567571 
0.354029 
0.107351 
-0.150288 
-0.395609 
-0.606334 
-0.763209 
-0.851763 
-0.863647 
-0.797417 
-0.658698 
-0.459712 
-0.218193 
0.044184 
0.303759 
0.537016 
0.722718 
0.843839 
0.889130 
0.854159 
0.741744 
0.561732 
0.330132 
0.067693 
-0.201956 
-0.454435 
-0.666820 
-0.819726 
-0.899074 
-0.897393 
-0.814519 
-0.657639 
-0.440669 
-0.183020 
0.092144 
0.359983 
0.596233 
0.779399 
0.892715 
0.925682 
0.875035 
0.745070 
0.547275 
0.299321 
0.023476 
-0.255394 
-0.512066 
-0.723246 
-0.869684 
-0.937929 
-0.921566 
-0.821817 
-0.647456 
-0.414035 
-0.142499 
0.142701 
0.415803 
0.652070 
0.830029 
0.933422 
0.952699 
0.885894 
0.738823 
0.524584 
0.262382 
-0.024187 
-0.309265 
-0.567067 
-0.774215 
-0.911855 
-0.967383 
-0.935592 
-0.819163 
-0.628441 
-0.380513 
-0.097677 
0.194564 
0.469804 
0.703123 
0.873345 
0.964959 
0.969535 
0.886501 
0.723207 
0.494276 
0.220292 
-0.074051 
-0.362178 
-0.618032 
-0.818434 
-0.945185 
-0.986719 
-0.939157 
-0.806675 
-0.601132 
-0.341008 
-0.049745 
0.246370 
0.520581 
0.748078 
0.908248 
0.986542 
0.975796 
0.876892 
0.698680 
0.457190 
0.174189 
-0.124788 
-0.412735 
-0.663626 
-0.854762 
-0.968828 
-0.995466 
-0.932214 
-0.784730 
-0.566294 
-0.296604 
-0.000000 
0.296733 
0.566786 
0.785753 
0.933833 
0.997629 
0.971355 
0.857363 
0.665935 
0.414351 
0.125331 
-0.175023 
-0.459579 
-0.702635 
-0.882239 
-0.982174 
-0.993422 
-0.914980 
-0.753951 
-0.524896 
-0.248520 
0.050202 
0.344285 
0.607172 
0.815137 
0.949423 
0.997940 
0.956352 
0.828465 
0.625880 
0.366938 
0.075057 
-0.223383 
-0.501431 
-0.733998 
-0.900123 
-0.984865 
-0.980648 
-0.887935 
-0.715184 
-0.478073 
-0.198075 
0.099484 
0.387723 
0.640632 
0.835423 
0.954586 
0.987460 
0.931192 
0.790983 
0.579607 
0.316244 
0.024743 
-0.268543 
-0.537140 
-0.756845 
-0.907908 
-0.976811 
-0.957475 
-0.851799 
-0.669473 
-0.427093 
-0.146641 
0.146499 
0.425852 
0.666235 
0.846035 
0.949153 
0.966444 
0.896531 
0.745912 
0.528354 
0.263638 
-0.024244 
-0.309265 
-0.565715 
-0.770527 
-0.905348 
-0.958190 
-0.924491 
-0.807513 
-0.618025 
-0.373313 
-0.095600 
0.189973 
0.457624 
0.683259 
0.846645 
0.933224 
0.935409 
0.853254 
0.694420 
0.473467 
0.210513 
-0.070594 
-0.344445 
-0.586364 
-0.774637 
-0.892461 
-0.929443 
-0.882520 
-0.756208 
-0.562170 
-0.318140 
-0.046298 
0.228744 
0.482173 
0.691216 
0.837189 
0.907163 
0.895116 
0.802446 
0.637818 
0.416355 
0.158247 
-0.113092 
-0.373145 
-0.598515 
-0.769024 
-0.869530 
-0.891264 
-0.832600 
-0.699168 
-0.503318 
-0.262975 
-0.000000 
0.261804 
0.498844 
0.689867 
0.817865 
0.871591 
0.846548 
0.745362 
0.577514 
0.358447 
0.108153 
-0.150661 
-0.394629 
-0.601838 
-0.753800 
-0.837099 
-0.844577 
-0.775948 
-0.637791 
-0.442916 
-0.209181 
0.042149 
0.288333 
0.507219 
0.679233 
0.789134 
0.827365 
0.790880 
0.683384 
0.514966 
0.301144 
0.061442 
-0.182396 
-0.408381 
-0.596261 
-0.729339 
-0.795953 
-0.790506 
-0.713926 
-0.573545 
-0.382401 
-0.158026 
0.079163 
0.307723 
0.507124 
0.659595 
0.751706 
0.775556 
0.729443 
0.617981 
0.451642 
0.245773 
0.019179 
-0.207597 
-0.414132 
-0.581969 
-0.696264 
-0.747100 
-0.730347 
-0.647993 
-0.507920 
-0.323154 
-0.110654 
0.110247 
0.319601 
0.498645 
0.631488 
0.706516 
0.717413 
0.663684 
0.550660 
0.388972 
0.193551 
-0.017750 
-0.225787 
-0.411861 
-0.559400 
-0.655434 
-0.691736 
-0.665524 
-0.579668 
-0.442386 
-0.266459 
-0.068042 
0.134823 
0.323841 
0.482121 
0.595685 
0.654700 
0.654327 
0.595121 
0.482924 
0.328301 
0.145540 
-0.048662 
-0.236732 
-0.401804 
-0.529238 
-0.607917 
-0.631213 
-0.597546 
-0.510478 
-0.378346 
-0.213462 
-0.030970 
0.152546 
0.320569 
0.458138 
0.553178 
0.597559 
0.587793 
0.525298 
0.416224 
0.270850 
0.102620 
-0.073106 
-0.240447 
-0.384443 
-0.492388 
-0.554955 
-0.566995 
-0.527964 
-0.441915 
-0.317091 
-0.165134 
-0.000000 
0.163319 
0.310162 
0.427509 
0.505141 
0.536523 
0.519357 
0.455738 
0.351915 
0.217682 
0.065456 
-0.090870 
-0.237198 
-0.360495 
-0.449951 
-0.497931 
-0.500620 
-0.458323 
-0.375389 
-0.259765 
-0.122245 
0.024544 
0.167295 
0.293233 
0.391253 
0.452902 
0.473105 
0.450578 
0.387898 
0.291216 
0.169663 
0.034486 
-0.101991 
-0.227491 
-0.330887 
-0.403189 
-0.438325 
-0.433646 
-0.390117 
-0.312186 
-0.207329 
-0.085341 
0.042582 
0.164867 
0.270612 
0.350559 
0.397899 
0.408856 
0.382975 
0.323123 
0.235175 
0.127445 
0.009904 
-0.106750 
-0.212055 
-0.296730 
-0.353491 
-0.377672 
-0.367610 
-0.324742 
-0.253433 
-0.160534 
-0.054727 
0.054283 
0.156661 
0.243325 
0.306755 
0.341639 
0.345320 
0.317986 
0.262611 
0.184636 
0.091443 
-0.008346 
-0.105664 
-0.191822 
-0.259284 
-0.302324 
-0.317512 
-0.303981 
-0.263458 
-0.200063 
-0.119899 
-0.030463 
0.060054 
0.143512 
0.212556 
0.261263 
0.285649 
0.283987 
0.256924 
0.207376 
0.140221 
0.061826 
-0.020559 
-0.099469 
-0.167896 
-0.219915 
-0.251192 
-0.259345 
-0.244115 
-0.207350 
-0.152792 
-0.085703 
-0.012361 
0.060526 
0.126436 
0.179609 
0.215556 
0.231429 
0.226246 
0.200937 
0.158219 
0.102309 
0.038516 
-0.027263 
-0.089089 
-0.141513 
-0.180056 
-0.201590 
-0.204586 
-0.189217 
-0.157300 
-0.112094 
-0.057971 
-0.000000 
0.056532 
0.106597 
0.145871 
0.171110 
0.180411 
0.173349 
0.150980 
0.115707 
0.071028 
0.021194 
-0.029195 
-0.075611 
-0.114006 
-0.141161 
-0.154955 
-0.154523 
-0.140304 
-0.113961 
-0.078197 
-0.036487 
0.007263 
0.049077 
0.085268 
0.112763 
0.129363 
0.133911 
0.126369 
0.107783 
0.080162 
0.046261 
0.009313 
-0.027276 
-0.060245 
-0.086759 
-0.104657 
-0.112623 
-0.110277 
-0.098177 
-0.077739 
-0.051078 
-0.020798 
0.010264 
0.039302 
0.063788 
0.081696 
0.091664 
0.093092 
0.086171 
0.071835 
0.051650 
0.027646 
0.002122 
-0.022580 
-0.044281 
-0.061158 
-0.071898 
-0.075790 
-0.072771 
-0.063401 
-0.048789 
-0.030467 
-0.010237 
0.010006 
0.028448 
0.043519 
0.054024 
0.059232 
0.058924 
0.053388 
0.043371 
0.029987 
0.014600 
-0.001310 
-0.016291 
-0.029049 
-0.038554 
-0.044124 
-0.045471 
-0.042701 
-0.036287 
-0.027009 
-0.015859 
-0.003946 
0.007616 
0.017809 
0.025799 
0.031001 
0.033121 
0.032161 
0.028404 
0.022368 
0.014748 
0.006337 
-0.002053 
-0.009666 
-0.015871 
-0.020208 
-0.022422 
-0.022471 
-0.020516 
-0.016889 
-0.012051 
-0.006540 
-0.000912 
0.004311 
0.008688 
0.011894 
0.013741 
0.014185 
0.013316 
0.011342 
0.008553 
0.005289 
0.001901 
-0.001283 
-0.003989 
-0.006018 
-0.007258 
-0.007686 
-0.007361 
-0.006409 
-0.005002 
-0.003337 
-0.001611 
-0.000000 
0.001354 
0.002356 
0.002962 
0.003177 
0.003046 
0.002646 
0.002069 
0.001412 
0.000765 
0.000200 
-0.000238 
-0.000524 
-0.000662 
-0.000674 
-0.000593 
-0.000459 
-0.000311 
-0.000178 
-0.000079 
-0.000021 
0.000002 
0.000003 
0.000000 
