-------------------------------------------------------------------------------------------------------
       Waveform Value
-------------------------------------------------------------------------------------------------------
            Max 3784.008955
            Min -3908.536011
           Mean 0.000000
        Average 1958.669980
            RMS 2134.718637
           SMRA 1820.610451
          FormF 1.089882
      CrestFPos 1.772603
      CrestFNeg -1.830937
    ImpulseFPos 1.931928
    ImpulseFNeg -1.995505
     MarginFPos 2.078429
     MarginFNeg -2.146827
       Kurtosis 1.425522
       Skewness -0.041941
-------------------------------------------------------------------------------------------------------
DSP PkPk Total	6.419022 Micons
VEL Peak Total	16.507814 mm/Sec
ACC Peak Total	25.338700 G-s
-------------------------------------------------------------------------------------------------------
Power Spectrum (1601 lines)

0.000000 0.000000 172.487504 244.225743 115.110545 163.560935 181.228432 440.200230 618.161000 229.290483 176.033706 466.761732 21275.275645 248420.284734 152771.772643 2248.831293 252.491337 208.168811 136.220151 98.809617 168.779798 165.147889 85.085839 37.423673 45.235731 188.401311 270.235586 229.099328 422.206111 158.748397 107.191923 95.526207 78.548767 180.299822 375.604767 357.008792 332.983859 272.447279 102.067724 143.949185 298.025504 177.841862 90.709502 58.284205 22.869651 122.250986 162.964799 76.157504 68.598443 99.260309 58.048823 87.874743 123.638790 109.115112 133.639095 243.061053 298.073707 256.945750 331.707636 285.251021 127.360347 149.737505 259.671010 129.740096 177.351253 171.105762 165.287406 171.508644 95.782467 43.540779 108.626013 158.281323 309.343266 195.952859 44.689962 44.303946 154.023984 271.665368 193.439766 184.478441 199.611933 373.772393 119.644171 102.213005 72.016882 30.639076 99.397205 177.343498 246.730883 298.833678 183.631181 214.222456 114.264356 925.540684 36282.611328 82491.128980 81143.223702 8002.297125 125.135475 142.974041 88.389264 101.051918 84.180587 113.646090 125.716556 192.815830 140.553174 80.016459 90.159460 64.438133 36.598003 91.081323 138.578233 118.231201 178.233644 182.709680 86.301391 116.796470 114.174893 162.108293 365.745593 371.877627 235.054153 73.370138 121.833630 67.612649 123.725471 212.743910 173.584640 114.453650 83.009075 132.092059 212.273442 150.031664 155.650567 126.361287 95.129209 131.764875 159.229963 141.122390 102.836564 53.219020 44.939942 180.017596 169.149524 122.192023 136.083555 216.126810 319.593244 119.722016 125.386623 176.030360 261.054073 233.090481 252.124059 430.120560 225.314430 268.173106 109.969942 89.383294 77.147215 106.453570 91.536886 82.526015 236.510883 163.283450 177.328805 175.273826 84.372504 197.935169 124.574531 269.626143 230.353790 77.817403 71.199273 228.779409 296.818354 285.316006 244.250265 95.254607 308.904296 140.794174 382.721068 329.469465 219.947953 180.102019 47.767469 71.973378 151.777980 109.640641 125.713223 236.438620 137.629985 48.861882 172.563038 164.480220 83.814748 63.883224 223.748969 242.046427 301.630254 196.543525 131.558457 180.121876 125.307705 160.529031 193.141296 117.071978 107.447371 40.344706 89.502788 70.606909 168.211589 201.048668 252.184232 248.141242 204.858837 145.141004 105.651601 64.835738 139.645679 79.552924 134.502971 98.212868 45.839179 59.025173 90.795685 163.909291 100.301698 77.454315 155.938009 54.198261 138.960931 118.215157 113.102942 24.808937 127.681083 159.205613 180.904901 633.613707 1996.199595 19796.659100 752262.522255 22990772.289894 25493990.298807 1227666.778637 19979.745386 2964.200577 475.318743 323.536086 55.489380 116.434704 80.465557 194.679536 105.625110 211.036157 213.954278 423.919161 209.694462 161.942674 90.203176 39.841495 114.695825 120.110411 82.888159 145.379173 432.756161 254.724028 196.219881 91.861362 57.836948 64.231630 181.445501 240.294752 178.298545 84.853002 182.301733 228.249901 203.182923 150.731401 247.857356 247.375321 134.322191 134.461159 79.472012 71.597128 95.585907 101.006358 113.852373 169.563361 354.605235 379.736939 164.189689 238.730542 150.488351 225.973572 315.151337 112.988134 58.888374 144.395573 192.232422 115.624184 74.545866 125.040470 91.399839 98.332538 76.084658 54.632635 140.151819 142.478758 167.068191 134.403442 115.532240 125.638077 195.318615 68.628752 98.095171 93.956680 206.417385 227.791208 125.601489 307.336649 234.325525 203.979328 440.473105 416.541413 160.627941 304.745145 255.255812 145.701161 67.586824 201.945503 187.866409 40.319468 159.185373 259.392885 128.240440 140.244624 210.756396 203.756486 241.339934 454.664902 202.277841 381.538323 171.691167 233.955924 269.643014 100.748465 114.789088 127.328984 94.460599 293.933540 193.565990 41.974493 104.841605 263.228325 205.962227 149.614080 139.575575 183.764073 269.299350 163.832501 201.006940 147.258120 235.648761 190.115692 166.648686 368.684568 226.259088 141.397040 184.099606 191.866970 175.696975 39.816054 152.820033 359.752099 270.851124 92.239495 146.140362 234.521203 311.516210 270.787446 297.188572 168.987520 106.443539 119.220609 136.469112 65.641494 154.074993 191.902165 197.430202 140.811737 89.427680 212.161063 275.536915 107.095758 104.849894 237.622956 195.013829 255.759376 256.177782 257.810863 480.603217 264.879608 117.523801 138.501966 164.392998 114.864419 114.166238 51.289888 170.254265 312.730097 205.422512 188.644031 134.214093 148.659125 251.725440 149.520165 79.243112 197.860304 179.515976 120.652205 77.796086 277.158568 233.396455 184.559308 134.985726 104.198797 244.593355 140.575341 394.432994 283.391795 219.706515 265.112097 183.557576 198.491544 131.245899 276.991431 110.844250 52.546175 104.516952 94.867616 105.204936 116.150014 263.116508 289.804563 92.542355 132.725767 120.459215 219.309263 210.464466 151.625160 220.222214 172.507387 128.873776 78.296467 142.134869 175.237547 99.927543 33.506730 88.053593 124.583327 193.741622 128.515393 76.036133 97.964398 196.427278 215.100824 134.954736 119.136510 225.246097 244.471508 101.349942 232.634832 199.810147 85.121516 56.324771 68.217161 117.961585 93.131695 165.106382 169.885400 154.605642 158.007335 91.606360 128.134535 84451.148551 434743.080599 138825.140771 293.544960 137.972691 20.468282 90.817222 104.686038 132.640971 95.859481 132.033656 317.579559 146.735070 93.415497 321.610928 361.294774 303.683035 406.926932 314.798426 237.778712 161.370218 96.026523 77.117536 90.184281 126.633754 124.777925 319.816634 315.499040 218.693362 147.154418 235.204827 289.589183 177.847750 106.276655 140.462430 109.177702 125.532134 494.828945 221.255694 81.918783 65.334483 229.118998 272.003172 241.877949 209.145403 194.475165 204.939359 155.317314 241.955890 145.150868 75.007343 77.701704 150.171509 227.991396 215.633635 213.354572 90.036281 117.826346 162.425511 164.492573 51.198084 128.125481 185.822070 296.831704 283.226499 250.405136 152.806935 351.972274 161.042595 94.158559 187.152272 127.289425 29.390759 205.233003 194.610011 101.089193 146.973120 191.828888 108.624395 200.779862 282.613661 261.004988 152.534759 132.710599 170.360435 252.589974 206.300315 169.540797 100.814481 81.398296 96.736783 300.833010 292.502816 168.635092 221.349626 219.345082 226.862720 232.150468 117.845099 142.828293 146.954966 185.311089 338.931651 180.745990 187.886293 133.489286 233.998222 235.279082 77.637103 29.627374 40.883569 142.623353 337.232905 144.335835 110.622477 216.571584 330.321511 147.546985 133.440241 174.044501 141.243035 163.677590 77.545765 110.210438 217.632164 265.517101 309.340534 156.311216 156.614310 53.058946 45.210380 187.997352 207.565360 70.235939 21.261715 128.589884 134.255069 333.273689 414.345870 271.164192 315.247751 199.237469 130.536504 354.417671 152.908540 213.250825 294.476980 134.374814 150.909419 143.054795 99.005980 246.836880 335.298518 93.609989 228.824349 190.675064 244.512289 365.583948 162.121000 205.306516 206.241700 137.706669 59.266363 72.408207 61.168236 124.942496 249.920870 387.713378 280.866794 184.717146 258.808187 196.442442 94.210822 114.025621 191.202421 229.116921 333.025491 347.363443 179.588542 149.063635 79.343451 118.962013 162.736278 68.500959 66.424211 159.677372 147.831948 214.031768 234.638257 181.935604 116.090550 105.676430 121.309126 136.087088 189.879501 151.495491 193.217567 156.861486 299.242404 316.468350 203.852143 221.104055 276.893708 239.522901 165.002796 284.254794 187.911202 232.051188 172.680439 80.660884 189.747673 184.143575 71.236423 117.184806 136.445966 189.075341 319.954138 352.542148 222.309768 167.744705 73.821433 282.037739 228.072986 237.645925 110.200646 85.940039 104.914131 199.092475 135.759365 141.335061 146.328691 277.919788 205.046624 116.270059 138.976141 77.884562 106.906725 244.404025 202.162679 231.755759 244.866436 114.208936 500.614853 10265.521509 466442.593613 632134.725023 42003.427166 559.170661 132.626137 115.966437 123.533437 120.809828 237.960673 243.799055 168.820944 144.763600 213.290332 173.745706 150.159073 134.222409 103.045351 227.931900 371.832933 280.007974 321.512060 144.111300 334.982847 457.731626 234.955287 285.249334 184.321670 216.878301 204.208778 143.214157 403.187778 199.715081 229.612242 146.637386 79.360856 77.662703 258.006681 270.451175 256.028308 121.791241 115.010466 137.917189 108.192235 109.218888 154.665700 133.031389 313.614283 209.129273 79.188776 75.914417 174.570206 208.500898 248.253868 188.472362 176.481424 62.271496 126.904826 166.190265 185.845908 224.661791 134.958654 184.738616 263.668471 279.878891 208.615139 143.160706 155.877933 90.949181 167.520489 203.510188 99.951395 243.212087 160.029897 141.367869 302.109946 224.705427 156.903731 185.195244 191.479548 94.289762 95.793719 102.611476 108.733825 75.110496 81.678319 64.618784 114.867638 190.934678 137.136310 233.541721 338.647256 280.221531 147.925026 121.701223 194.224111 206.300435 112.880218 294.915267 316.706196 170.649301 74.156897 55.556082 80.811104 162.231653 87.979945 97.289154 86.880289 114.105480 149.619541 95.009410 84.145231 104.348833 172.384713 144.011343 117.374024 322.131320 187.310549 90.046275 262.592210 352.407069 189.125964 182.851559 150.664241 233.400427 289.743005 139.426119 350.029013 238.319771 98.002757 134.319181 149.393023 328.969086 204.347922 209.389836 110.974925 62.360807 197.142372 194.339392 310.025572 388.912034 151.519070 119.761841 270.033944 126.782224 186.377938 164.243470 67.564357 112.275879 147.560598 417.805658 458.132448 176.171003 129.241709 116.648227 239.325592 271.093718 134.620547 39.111884 82.242481 137.908061 136.737952 141.984951 324.298323 310.391310 277.452947 228.365240 153.178733 150.068521 383.204522 311.663233 140.225135 253.683818 131.529344 139.877719 204.382474 120.109412 145.986067 131.623139 226.624412 328.490342 236.044450 140.377058 221.993652 241.925106 34.786803 47.331806 50.702501 42.129385 29.366479 75.326772 117.098309 140.617806 168.983661 165.473189 231.238611 246.566608 187.138362 93.585388 102.973539 147.246902 73.685690 69.895210 193.934137 210.042845 184.448979 195.864030 181.764392 107.551641 215.673466 248.031111 177.082032 239.707396 232.456890 243.427739 250.337671 81.536875 83.315198 158.496270 145.108317 123.845596 110.164900 377.098993 349.081060 230.801029 124.204872 124.742581 148.705308 83.803216 60.712270 130.802841 138.194194 104.353501 150.285757 125.073639 181.887805 242.298581 256.215905 264.126703 165.712856 67.398302 54.424158 204.482484 144.179160 106684.903743 693692.086708 270418.614391 833.391320 39.584313 103.914407 138.715862 282.656927 204.484105 146.937048 48.562064 109.908615 86.396819 62.438938 174.655325 524.641628 184.256665 108.065032 347.444970 367.946244 178.706696 117.769064 76.422397 186.086394 503.079275 421.406535 195.568169 312.533351 240.050176 540.596690 283.009648 173.269265 56.760099 16.919501 59.901675 155.693135 174.674487 174.278124 311.282417 293.735260 179.871902 99.655363 64.747688 235.491746 77.954595 69.781511 88.622694 170.697862 199.899875 125.343091 223.147136 213.173113 137.613294 56.564351 36.031008 128.582058 163.038226 110.151331 53.224080 43.773517 72.920861 100.638747 105.171203 201.129054 100.285065 206.039588 248.479786 219.944875 324.700941 203.007444 163.195356 166.886365 215.567962 141.199857 265.421754 129.708574 141.884001 162.245369 223.143594 140.613235 174.648165 152.868241 80.273639 84.421492 92.677418 64.956769 36.923759 149.895926 118.936731 128.398652 295.769271 382.876996 137.717329 157.946013 280.787077 127.694968 50.708056 150.513521 92.300808 124.213825 80.322928 123.220943 96.458694 174.459378 365.442657 151.120969 72.969430 72.037581 124.384100 258.135097 158.461064 78.564188 64.722131 182.138606 253.845439 269.898779 122.485927 175.919068 359.267584 240.260758 234.857800 296.429323 175.800614 268.992936 546.162383 216.001277 56.084902 71.901421 142.845653 85.130676 65.703099 198.609590 178.214745 132.654070 440.060974 277.547640 73.928667 107.520515 85.925705 49.277261 145.411567 173.379320 135.562609 108.091656 51.364069 73.902102 99.813284 96.667101 99.393740 79.730018 75.736055 211.527848 112.480821 136.704456 222.977840 103.410331 173.808811 183.129064 285.857907 376.564073 119.176039 156.616993 196.420523 129.902609 102.391998 212.589317 380.701890 355.388635 334.378935 98.240182 155.939663 313.071560 171.269694 74.778393 106.547211 313.507996 325.200743 214.422703 318.768143 164.829286 68.805872 259.702985 191.085121 108.780391 109.765164 86.818668 120.662945 149.622305 147.673546 100.138876 160.588474 331.630025 368.405570 373.864572 232.151542 94.542764 58.808881 192.718654 198.527234 251.510343 203.816143 149.631115 46.729671 32.047668 54.833131 188.788138 370.965247 241.451566 189.997061 292.160519 564.164789 378.474821 211.968908 245.319947 198.695145 176.774916 96.433385 81.594625 44.244072 59.661126 176.192084 220.613253 83.770144 110.954708 100.280633 39.609759 148.079184 242.655646 84.932437 162.128978 173.033297 79.142047 152.962963 233.665993 91.166474 231.679438 317.328838 56.477751 22.682262 141.891344 173.991475 294.794802 407.039850 875.279159 36375.701581 61048.918869 5758.345246 74.892709 232.862506 52.431665 165.034728 183.782366 43.000425 86.567335 168.377388 218.979037 142.125375 276.222267 64.785293 157.081231 161.074020 119.959102 195.567927 219.339481 46.060325 149.850787 125.058198 56.732441 119.812682 107.156841 244.745490 341.293424 193.363661 166.386678 352.307546 359.104283 273.413348 316.008257 219.617392 437.642434 255.951002 237.307038 357.058204 366.227839 284.327610 133.079779 98.799221 77.252545 116.886793 165.090746 81.928635 24.313151 44.796594 83.924150 226.871265 133.737314 149.860841 265.058174 235.342336 209.730321 281.982797 137.680670 76.802228 150.714207 131.468256 187.932891 372.072872 243.858882 146.055764 174.205276 201.213359 217.186634 219.580771 174.956695 189.191277 281.796652 451.656692 252.950287 183.587835 124.966243 204.362395 479.373247 267.221236 95.836548 162.108670 201.140932 286.115612 114.361491 88.378641 92.926167 348.332543 240.601247 87.293320 104.707832 153.167580 287.143549 134.825536 60.013560 86.226692 87.482918 117.234890 114.291431 130.551575 135.095487 129.126021 148.667902 145.076495 321.635133 120.391950 106.581974 159.130647 92.450906 92.006541 245.520200 264.518024 55.860942 109.864521 236.801454 304.578692 468.115105 567.497878 155.305731 276.728575 185.587351 199.421261 236.367222 222.408158 88.934816 160.943670 332.840006 138.954894 188.137684 178.106502 256.999291 173.500621 201.347353 202.757236 72.234040 115.615627 220.568181 405.495939 121.342458 45.181788 96.805034 198.774872 288.283610 248.723939 149.874379 76.288822 124.024927 328.692491 126.700920 200.152355 208.605892 179.153545 120.580629 34.721305 65.950608 65.532200 48.180676 125.870733 296.908423 613.281822 266.632505 168.100372 67.191361 84.618226 189.736037 69.588806 128.306179 364.971037 215.693638 280.878799 314.821248 159.958347 82.861335 128.467586 90.799709 50.782856 84.620812 235.757332 190.429623 228.537869 136.071226 216.884248 278.517228 268.666052 194.602946 252.539833 179.390756 96.549333 240.932613 291.977583 207.809556 345.297171 137.632047 43.390091 132.615749 105.900762 172.132494 154.971027 280.569877 191.648434 104.666298 175.874305 320.562512 170.212307 68.141906 111.330308 145.135356 101.267145 108.693008 160.594635 107.029675 98.310307 302.753578 291.911419 172.721962 110.210564 89.249615 139.164393 279.467229 111.958166 163.430128 135.847331 188.326579 117.370576 129.350503 255.968618 310.390529 313.290223 114.357952 188.939120 216.777316 175.162453 140.515336 87.181419 69.802782 234.557522 557.404275 346.068059 79.719926 173.423276 199.095322 161.614284 139.764875 260.486012 216.540725 167.256473 194.391660 138.592487 201.227931 219.652458 101.990487 70.502677 237.253344 399.980573 331.422827 136.802317 101.364726 207.893204 146.205487 43.021541 33.594922 257.947555 436.341713 344.583148 137.963402 349.802120 226.137074 169.262341 151.943349 174.091462 152.772419 140.723627 96.730536 119.395937 197.337402 168.542344 87.484357 186.116780 214.414646 268.619672 233.920795 132.613913 79.245218 79.731824 93.332459 194.822827 275.605480 520.521472 471.658713 274.361237 257.939365 195.773305 163.696489 163.831887 124.822352 166.773430 173.718121 126.927697 141.330728 162.913845 107.531294 121.197509 111.786803 153.746889 270.280992 274.641310 217.850045 287.631878 201.218123 53.484685 121.076814 90.354181 123.999998 153.147293 168.912828 188.697988 91.976018 82.071171 151.226525 147.160579 285.013555 334.074067 181.166411 142.776080 137.278879 32.097516 288.079780 305.060597 290.870763 312.210597 237.122311 117.693872 133.561288 98.771455 169.450911 109.202428 44.469961 140.046910 245.429027 128.110283 201.180351 188.465407 146.469013 115.653230 40.332643 92.577727 200.999740 87.988754 119.341652 123.451213 103.284804 155.595896 326.821556 142.603720 208.770193 78.689903 205.477614 175.780384 192.575952 138.466881 84.402240 130.818819 180.959080 304.241033 252.291002 142.980746 75.833086 50.081261 60.346086 57.228773 307.658648 410.107687 281.124271 211.593232 241.515902 178.682857 232.682116 165.136569 217.554769 251.272596 119.047259 162.553270 333.387192 323.612192 447.360840 
-------------------------------------------------------------------------------------------------------
True speed: 243.539906 5801.417737
-------------------------------------------------------------------------------------------------------
Overall Pk-Pk Value is 6.419009 Microns
-------------------------------------------------------------------------------------------------------
      Parameter Name	 Bin Edge    Microns Digital
-------------------------------------------------------------------------------------------------------
      Subsynchronous:	   1  207    0.71069    667
      Nonsyn 1-2xRPM:	 280  451    0.15361    144
      Nonsyn 2-3xRPM:	 524  694    0.15360    144
      Nonsyn 3-4xRPM:	 767  938    0.14964    140
      Nonsyn 4-5xRPM:	1011 1181    0.14730    138
      Nonsyn 5-6xRPM:	1254 1425    0.15448    145
      Nonsyn 6-7xRPM:	1498 1600    0.11843    111
      Nonsyn 7-8xRPM:	   0    0    0.00000      0
      Nonsyn 8-9xRPM:	   0    0    0.00000      0
     Nonsyn 9-10xRPM:	   0    0    0.00000      0
      Harmonic 1xRPM:	 207  280    6.18546   5803
      Harmonic 2xRPM:	 451  524    0.71222    668
      Harmonic 3xRPM:	 694  767    0.93919    881
      Harmonic 4xRPM:	 938 1011    0.90627    850
      Harmonic 5xRPM:	1181 1254    0.29728    279
      Harmonic 6xRPM:	1425 1498    0.10214     96
      Harmonic 7xRPM:	   0    0    0.00000      0
      Harmonic 8xRPM:	   0    0    0.00000      0
      Harmonic 9xRPM:	   0    0    0.00000      0
     Harmonic 10xRPM:	   0    0    0.00000      0
-------------------------------------------------------------------------------------------------------
True Pk-Pk Value is 7.440549 Microns
